-1.82883
-439.471
-213.797
-225.082
-110.241
-79.3836
-42.6931
22.4219
-2.55368
36.886
15.3846
129.934
64.746
55.7404
25.7803
-447.076
-225.216
-441.015
-227.409
-287.157
-155.841
402.695
172.466
429.737
215.141
645.993
292.975
552.505
256.509
313.269
138.211
4.29001
2.08712
-0.311768
4.26347
142.007
68.655
114.472
55.4573
3.32769
0.438612
-165.469
-87.2941
12.3976
-21.6418
81.3818
29.2515
203.769
98.7562
183.493
103.276
-192.06
-128.29
-483.047
-263.166
-1009
-550.157
-148.205
-80.1495
-66.8743
-31.9465
-432.004
-249.487
-221.522
-126.597
-2.80502
-10.2565
230.186
119.722
1301.71
632.16
580.732
289.617
76.7798
44.1868
-471.562
-253.156
-126.407
-62.3061
128.167
68.7203
920.656
475.505
443.002
225.509
46.7311
25.8231
-42.5342
-29.0385
86.8837
23.3127
310.567
146.42
481.835
221.748
315.69
131.377
-64.7158
-37.8235
-185.741
-91.7971
-195.877
-108.855
173.24
84.096
350.576
172.265
441.122
222.147
132.936
64.369
-81.7181
-38.7501
-364.514
-181.363
-1099.91
-624.189
-882.251
-446.391
-347.675
-187.5
1004.16
458.862
823.796
401.064
293.491
120.441
-472.717
-264.596
-655.982
-334.487
-596.013
-310.185
-527.651
-286.012
-534.454
-262.53
48.9809
26.3876
209.346
101.962
139.061
54.1863
-45.9518
-25.7065
-87.1114
-38.6171
86.0284
48.185
235.63
115.644
149.625
69.1361
-10.2427
-4.48614
-121.707
-64.3541
-90.7551
-44.2791
-30.0684
-13.7376
276.077
106.697
302.751
155.294
340.1
159.066
248.203
101.406
-62.0048
-37.6482
-75.2513
-38.9273
39.9146
17.4166
217.203
115.854
260.067
136.889
75.2766
38.6068
-295.125
-147.933
-222.55
-112.744
46.1435
22.6816
486.581
252.923
149.714
77.4871
-151.793
-74.4586
-619.023
-339.158
-421.054
-228.178
-368.548
-209.573
-331.602
-182.739
-463.276
-254.063
-50.219
-31.7513
-5.01472
-2.90689
-48.6205
-25.0002
-170.701
-88.2096
-165.191
-83.8201
-222.638
-108.821
-135.165
-67.5341
-122.338
-61.1473
-86.9196
-40.8745
-175.119
-93.8067
-172.965
-71.2083
-113.632
-53.5226
-3.84833
-3.01259
27.9866
17.4189
85.2891
48.1993
201.766
105.133
157.442
81.9135
70.1657
39.887
83.3318
41.7221
144.187
65.7998
88.419
39.1583
81.2447
41.1972
130.556
65.2506
153.073
81.0692
243.024
111.607
515.901
240.387
346.461
173.173
176.087
87.0184
127.732
49.9167
94.8015
49.3555
5.4073
1.01744
-95.4203
-43.6924
0.058112
4.96766
84.5377
45.7458
21.2142
14.3543
34.6383
27.805
3.09138
1.98143
23.3351
12.5162
-4.92568
-6.1515
-55.7522
-36.8388
-157.925
-89.149
-292.306
-167.795
-521.614
-272.382
-227.699
-117.359
-55.4098
-21.9415
-234.225
-128.803
-301.051
-152.186
-231.435
-110.002
-13.7196
-8.57291
-50.5536
-29.7011
15.8068
3.93369
-80.7685
-45.0213
-68.0784
-37.0448
-48.2172
-25.274
4.74748
1.40734
51.2041
16.6978
50.6818
25.469
-31.1825
-17.0355
-243.309
-130.516
-87.8653
-47.7113
31.3476
24.9042
171.415
71.209
85.4893
35.7188
272.677
129.341
498.699
226.274
666.926
317.373
238.204
115.96
158.636
82.3698
459.693
223.421
271.667
138.317
59.2794
36.043
-186.196
-90.0301
-25.9196
-13.9078
38.8352
21.7407
69.7338
33.1817
-30.4152
-8.93648
-147.496
-71.0135
-137.705
-77.4607
-80.1423
-41.8479
-21.7889
-12.9048
47.2211
21.6141
221.125
107.333
71.4843
36.5837
-51.9181
-22.3863
-122.18
