62.0182
49.2874
40.0299
31.4046
26.1624
20.4262
17.2714
13.6969
12.9051
9.84851
11.3462
8.01693
7.10288
4.83453
4.25448
3.02594
2.55863
2.07328
2.59607
1.59884
2.02031
1.54446
2.16307
1.90373
1.31382
1.02889
1.03384
0.853527
1.86866
1.1696
0.765338
0.950003
1.37177
1.28111
0.984552
0.813119
1.27944
0.697548
1.46288
1.36452
0.987729
1.6654
0.74264
1.47073
1.01511
1.45796
1.07289
0.960566
0.708946
1.06887
0.587309
0.6643
1.34132
1.04128
1.78719
2.40714
4.00138
2.61937
3.02956
1.82504
2.42791
1.29263
1.00481
1.02275
0.942246
0.936604
0.61953
0.932712
1.80748
1.10312
0.992543
1.00757
1.61208
1.26345
1.4985
1.46376
1.05412
1.69126
1.35104
1.53502
1.0711
1.31951
1.61296
1.57825
1.51326
1.19971
2.34145
1.59567
1.80757
1.42422
1.18757
1.44351
1.26361
1.56526
1.18184
1.31444
1.22149
2.17318
1.9016
1.75204
3.66927
2.2722
1.61362
1.56787
1.15783
1.73111
0.95559
1.62516
1.87133
1.75351
1.31421
1.62582
1.80681
1.91159
1.68083
2.16637
1.88577
1.8183
1.39432
1.28801
0.945786
1.48544
2.92253
1.91635
1.98141
2.14663
2.96993
2.41175
3.00284
2.32917
2.94345
2.57768
2.29989
1.60881
2.50389
2.30672
1.8342
1.37713
1.5285
0.935944
0.824566
1.38065
0.640833
0.700375
1.47136
1.25513
2.24816
1.62416
2.21635
1.50196
1.78572
1.10116
3.05769
1.46961
1.87043
1.41319
1.47517
1.0868
1.61504
1.10591
0.870765
1.02334
1.21491
0.85163
2.01376
0.951563
1.26773
0.725224
1.91035
1.02441
1.63277
0.988959
1.15263
0.92547
1.11991
1.08532
0.840384
0.942574
0.937232
0.623278
0.516182
0.665199
0.910368
1.15843
0.695753
1.17663
1.21983
1.9163
1.93751
1.88879
2.16047
1.43081
1.47267
0.94386
1.45523
1.25756
1.48906
1.13177
1.62011
1.6628
3.17026
1.42726
3.02881
1.85618
2.0271
0.78867
1.59702
1.86516
1.13679
1.14237
2.17295
0.976666
0.664586
0.42469
0.492552
0.39587
0.492567
0.412278
0.985828
0.4637
0.6614
1.43502
1.30395
2.66155
3.12828
2.65843
1.58603
1.97307
1.26089
0.76926
0.834351
0.345117
0.672383
1.15022
3.51341
1.82712
1.3311
0.909728
0.701578
0.708735
1.40462
1.40037
1.59981
2.53465
2.55285
2.58513
1.35958
2.31073
1.59195
2.74477
3.59346
3.92806
3.41517
2.7841
1.65458
1.42724
2.04915
1.34658
1.69665
1.41655
1.95915
1.38011
0.873268
0.680371
1.49471
1.1065
0.81331
1.02111
1.136
0.859505
0.606274
0.527043
0.356071
0.261532
0.59813
0.771135
2.0435
0.792131
1.42755
0.615906
0.39881
0.413405
0.548856
0.370862
0.571728
0.536158
0.582246
0.575587
0.822441
0.567142
1.17889
0.942879
0.647315
0.608895
1.15822
1.04727
1.11221
0.816432
0.727547
1.04634
1.15163
1.2771
1.99348
1.64533
0.759571
0.953904
1.70156
1.24262
0.47306
1.04257
1.0864
1.13657
3.06238
2.07172
2.06431
1.89778
1.6827
1.79761
1.53591
1.10449
1.30672
1.08862
0.779988
0.674792
0.461151
0.807833
0.593626
1.19578
1.2341
0.925934
0.686177
1.39995
2.1645
2.23171
2.16856
2.69323
1.63301
1.82208
1.86522
2.45664
1.58457
1.52591
2.16188
2.65626
4.0022
2.61776
1.11892
1.52736
1.57488
1.48395
2.12382
1.86294
1.582
1.45434
0.979307
1.86698
1.71732
1.98262
1.3206
1.87945
3.4805
2.41406
1.50652
1.71713
2.09751
1.84266
2.05705
1.54279
2.56511
2.1622
1.72028
1.32754
1.47791
1.50525
3.47185
2.22663
2.40313
1.34236
1.69981
1.1227
1.60284
1.48315
1.28958
0.964548
0.859161
1.16372
1.27547
1.91534
2.70533
2.65229
2.162
2.19844
2.07857
2.33178
1.40962
1.81043
2.8435
2.60423
2.06645
2.40586
2.33565
1.59417
1.27056
1.60015
1.53616
1.24029
2.56191
1.63174
1.21361
1.13483
1.62007
1.04801
1.17605
1.23889
1.17148
0.875552
2.07885
0.71767
0.485256
0.659234
1.01024
0.977406
1.25317
1.31536
0.883771
1.21895
0.764442
1.04491
0.841223
1.25987
0.739078
1.8284
0.966772
1.38007
3.04323
2.75891
1.12642
1.73031
0.753517
1.30971
1.31141
1.17201
1.09302
1.08152
1.20922
1.28366
0.83813
1.041
0.90724
1.19917
0.969711
1.36629
0.715927
1.5906
2.60953
1.64507
0.831705
1.78546
2.21497
1.89005
2.63353
1.99589
1.35417
1.36034
1.37513
1.20805
1.06751
0.639818
1.21072
0.761643
0.869354
0.6556
0.627135
0.649762
0.821262
0.566947
1.11922
0.89794
1.49001
0.655948
0.41805
0.711918
0.414817
1.12055
1.18374
1.16085
1.2399
1.66708
1.69215
1.33138
0.649047
1.00969
1.29023
1.16058
1.93024
1.77053
2.29317
1.59662
1.17629
0.8808
0.952541
0.622908
0.664692
0.636491
0.897979
1.12865
1.03742
0.849184
0.609856
0.915888
1.11056
0.800449
0.762515
0.894883
1.1111
1.21313
0.852995
1.32585
1.17437
1.69647
2.37122
2.09233
2.71384
2.96315
3.00367
2.15446
1.14205
1.15999
1.17986
0.9956
0.905301
0.981366
1.27939
1.41585
0.907826
1.47661
1.00512
1.33574
1.77696
1.49505
1.79519
1.7617
1.69806
1.61822
1.30216
1.27214
1.42445
1.67655
1.08527
1.16117
1.03291
0.770539
0.600478
1.04765
1.22394
1.82611
0.810101
1.05235
0.634166
1.00957
0.870408
1.02466
1.00169
0.907959
0.576482
0.623662
0.72937
1.1098
0.594337
1.14665
1.04993
1.71007
2.54092
2.79197
2.65308
2.2362
1.9091
2.52574
1.79825
2.34645
1.65733
1.58746
1.71452
1.93882
2.3355
2.23575
1.46579
1.5325
1.40415
1.70402
2.01139
1.63091
1.87447
1.7106
1.85507
2.10834
4.27816
4.05695
4.59186
3.94511
4.37364
4.02583
2.24083
2.37765
2.26231
2.0685
1.44155
2.02451
1.50615
2.9929
3.14142
2.76622
3.09198
2.84275
2.183
1.81195
2.13881
1.99493
1.32264
1.75909
1.52967
1.54103
1.78838
1.5195
1.5796
1.15296
1.47829
0.946668
1.09724
0.945176
0.746663
0.939875
0.956534
0.746531
0.546898
0.657095
1.0568
1.32657
1.58024
1.10094
1.00084
1.15621
1.9999
1.69418
1.77129
1.72404
1.4549
1.61326
1.49735
1.20259
0.756196
0.731724
1.29253
0.688647
0.606224
0.714858
1.23612
0.90887
1.43283
1.00043
1.35834
1.59626
1.22976
1.03605
1.14079
1.28196
1.5035
1.4931
1.35836
1.60009
1.38369
1.27933
1.31339
1.51427
1.66226
1.29569
1.20135
0.748485
1.2472
0.855818
0.787908
0.719544
0.768696
0.648142
0.656449
0.576343
1.41168
0.987965
0.975244
1.48287
1.12408
1.61579
2.13821
2.63441
1.9392
1.85428
2.68462
1.75038
2.50067
1.99057
1.21141
1.41994
1.84055
1.87491
2.08297
1.37992
1.11998
1.07356
1.37427
1.19399
2.30841
2.09669
2.15861
1.82454
2.63077
1.49413
0.834104
1.37593
1.72645
1.36462
2.29403
1.99085
1.77289
1.63111
1.34371
1.36215
1.36102
2.18202
3.02339
2.45455
1.39598
1.45209
1.36292
1.13093
0.977827
1.16922
0.750758
1.05621
1.12068
0.949281
0.874739
0.981678
1.25379
1.11124
1.40794
1.06216
1.12768
1.83684
1.60272
1.60647
1.21209
1.42481
2.72144
2.96155
1.89292
2.72735
2.09134
1.89036
1.59668
1.55484
1.19904
1.18327
1.2148
1.27468
1.66525
1.49345
2.68502
1.82239
2.26027
1.56066
1.88947
1.28373
0.932855
1.52124
1.92535
2.0587
1.15863
1.98171
3.0138
2.46917
2.42717
1.23849
1.20185
0.754951
0.883304
1.09829
0.56121
1.29353
2.91242
2.07801
1.53018
1.76385
1.71577
1.35212
0.605319
1.15373
0.882934
0.802822
0.68565
0.81351
1.29203
0.573199
0.795516
0.766158
0.816339
0.636631
0.475798
0.647121
1.20953
0.619173
0.673165
0.718191
0.703346
1.26925
0.945172
1.54803
0.995101
1.30658
1.03299
1.24717
1.75204
1.76878
2.48372
2.43334
3.70924
2.74101
4.55249
3.97815
4.52021
3.85485
4.6175
3.5967
5.61515
4.93313
6.95289
6.43689
6.92973
6.49519
7.46455
6.14454
9.17448
7.52348
7.53126
6.1285
7.19163
5.66097
6.99265
5.69477
7.02961
4.68919
6.34163
4.41372
7.68661
5.19392
7.53225
5.00586
5.29723
3.78555
3.91569
2.70536
2.929
2.44687
2.44524
1.89264
2.12455
1.49994
2.48429
1.8026
2.23034
1.65683
1.86932
1.70206
2.40939
1.55954
1.52393
1.25455
1.57222
1.64594
1.49945
1.23444
1.01387
1.08092
1.50413
1.49127
1.20594
1.39576
1.01128
1.21276
1.31696
1.63225
0.963733
0.883959
0.94565
0.968677
0.803123
0.635991
0.551442
0.889174
0.848166
1.18481
1.03418
1.70187
1.05068
1.05444
0.700832
0.728294
0.835956
0.594177
0.517157
0.409452
0.695632
0.647391
0.586507
0.495171
0.611587
1.13114
1.04825
0.968228
0.637695
0.624019
0.938896
1.36056
1.62722
1.90547
4.11199
4.09463
8.92871
8.06634
9.03368
7.36762
8.20897
6.97146
9.76888
8.51165
7.93437
7.01381
6.74581
5.8803
6.04626
5.86957
5.06291
4.0842
4.41773
3.29177
3.49922
2.92681
3.89002
3.09206
3.27249
2.96074
3.30652
2.45942
2.40191
2.27942
2.02121
2.40188
2.48948
2.63933
2.25603
1.86107
2.26473
1.60618
1.56004
1.52008
1.02963
1.00508
1.21209
0.984196
0.771309
1.01138
0.874804
1.17239
1.00722
1.15483
0.916002
1.23406
0.672442
0.996817
0.614118
1.10269
0.936944
1.06067
0.913533
0.862494
0.87311
1.16052
0.688335
1.13961
0.778017
1.38708
0.684662
1.02938
1.12127
0.818696
0.509137
0.838353
1.55148
1.08313
0.995726
0.900817
0.789103
0.728438
1.23859
0.986262
1.57321
0.994516
0.598429
0.782287
1.01562
1.00088
0.77462
1.14481
1.32841
0.975815
1.56789
0.731567
0.829612
0.923039
1.51275
1.07876
0.634141
1.09845
1.19865
2.08341
2.97084
2.21845
1.99262
1.65481
1.38574
1.48966
1.16926
1.11089
0.595425
0.837876
1.00318
0.677804
0.814936
0.705945
1.54024
1.47103
1.92013
1.78587
1.54636
1.21272
2.82959
1.70695
1.71814
1.46898
1.67746
1.04136
1.23325
0.916219
1.08196
1.33349
0.854115
0.996857
1.35965
0.835683
0.833789
1.27635
1.04825
1.56995
1.51359
1.63091
2.26386
2.2543
1.77868
2.02558
2.85139
2.15181
4.12215
2.36623
2.53545
1.8894
2.70956
1.94437
3.46896
3.15343
5.47056
4.81916
4.59438
4.25803
4.80635
4.01232
6.60702
6.11964
7.20886
5.65964
6.57285
5.381
9.05516
7.5398
8.47712
6.64116
8.51412
6.852
8.05715
6.15899
7.40287
6.01949
7.83913
4.90688
4.86641
3.88827
4.36407
3.41181
4.60156
2.82971
2.5046
1.9331
3.20945
1.93755
1.91931
1.52382
1.50739
1.28925
1.53847
1.15107
1.83485
0.990723
1.25567
0.752901
1.03902
0.556754
0.885285
0.826219
0.755196
1.1649
0.700209
0.824228
0.873695
0.858106
1.44848
0.613496
1.60017
0.763705
1.45619
0.733281
1.51346
0.733296
1.06179
0.927256
1.70746
0.782984
0.88891
0.849431
0.64426
0.916386
0.867548
0.824855
1.06061
0.648372
0.632356
0.677368
3.78765
1.55887
4.01505
1.99333
1.97969
2.25372
3.72689
3.05759
4.34522
3.03375
6.44081
5.50887
6.83181
5.77731
8.47523
6.25503
8.06876
6.25045
6.72738
5.24281
6.1865
4.9724
6.81079
5.23656
6.21151
4.86959
5.00421
3.80618
4.83277
4.07383
4.34211
3.9754
3.74286
3.17874
4.36374
3.14703
4.14547
2.50542
3.05673
1.85653
2.29627
1.37751
2.17143
1.66224
2.58107
1.44806
2.01439
1.25207
1.41842
1.17382
1.20284
1.04073
1.1936
1.22791
1.09432
1.25029
2.67805
1.38008
1.20857
1.08868
1.05725
0.947719
1.22423
1.20908
1.14019
1.33765
0.864876
1.57383
0.837784
1.15407
2.91269
1.6392
1.96046
1.49279
1.17121
1.02454
1.61404
1.79941
1.36884
0.888219
0.75747
1.03006
0.901131
0.764214
0.823196
0.74134
0.714373
0.679637
1.61656
1.0424
0.940409
1.22284
1.48469
1.40486
2.19024
1.3563
2.41411
1.39693
4.4002
1.91022
2.54331
1.07915
1.74122
1.05755
1.41647
1.10701
1.74395
1.1196
1.06656
0.930448
1.15217
0.868052
0.893998
1.10812
1.02936
1.41211
0.825223
0.98442
1.43297
0.885917
1.2663
0.882493
0.670226
0.731784
1.15112
0.652016
2.02262
0.960627
0.931206
0.734588
2.09865
0.960989
2.68381
2.36202
1.8521
1.54181
1.21978
1.19321
1.0689
1.55466
1.57401
2.31493
2.5729
1.45719
2.28343
1.78649
1.21373
1.39281
1.90893
1.14548
2.71376
1.96912
2.42193
1.61109
1.09615
1.609
1.22563
1.189
1.75627
1.59122
1.69979
1.2832
1.1735
1.13206
1.06896
1.05343
0.801316
1.01681
1.6322
1.75341
2.50588
1.78635
2.64966
1.89019
5.00447
3.72798
4.5193
3.11659
3.63665
3.19406
5.70201
5.03052
7.0104
5.87073
7.39303
5.82719
7.07427
5.28374
8.17557
6.57415
7.32231
6.12422
6.0964
5.03155
5.83892
4.76652
4.46021
3.85928
4.14595
3.37577
5.42027
3.60678
3.22404
2.65842
2.64411
2.00164
2.98261
2.55529
1.82172
1.57851
1.57287
1.54569
2.14177
1.9112
3.29217
2.11377
1.8911
1.71782
3.07655
1.91167
2.51536
1.11579
2.51322
1.31667
2.93916
1.57584
1.77331
1.26737
2.2734
1.75125
2.52496
1.72276
2.97189
1.76814
1.60521
1.15036
2.13505
1.93123
1.24078
1.61873
1.51947
1.79854
1.71754
1.84674
1.96192
2.20655
2.57427
2.83951
2.05739
2.29487
2.42984
2.15456
1.96286
2.51264
3.41938
3.5519
4.50664
3.44464
3.92379
3.95756
6.995
6.24376
7.07283
6.39959
8.04749
5.78641
8.02737
6.73505
7.40173
5.04178
6.56896
5.43101
5.46097
4.31503
5.64767
4.81365
5.70425
4.07535
4.42437
3.5816
3.61428
3.06116
3.32395
2.65421
3.04141
2.33357
3.81081
2.94613
3.47181
2.5688
3.67487
2.31315
2.76704
1.70644
2.5288
1.6192
2.19783
1.49136
3.4456
1.87477
3.43851
2.10011
2.29973
1.88286
1.04304
0.993987
1.33648
1.55273
1.45344
1.46568
2.91435
1.55659
2.28001
1.66022
1.30161
1.02936
1.18766
1.11489
1.67338
0.872336
1.51601
0.913143
1.41862
0.727946
0.991344
0.717205
1.23125
0.834366
1.66561
1.05452
0.82494
0.83754
0.685718
0.687782
0.522895
0.654991
0.782686
1.37614
1.39721
1.1464
1.77819
0.786201
1.07595
0.800204
0.700787
0.713524
1.11291
0.901947
1.01003
1.15179
1.00633
1.03967
1.54265
1.14985
1.25173
1.00538
0.670234
1.11107
0.914471
1.19583
1.18522
1.26545
0.647607
0.585901
0.507583
0.675615
0.963077
0.757319
1.82042
1.32208
1.18407
1.01761
1.2261
1.04982
2.36276
0.757626
0.6515
0.745286
1.67745
0.900237
1.05488
0.685262
0.781771
0.976358
1.13571
0.925558
1.4508
0.706851
1.14183
0.899415
1.77414
1.53592
2.73866
1.30764
1.07478
0.762118
1.64142
1.06906
1.22386
0.817997
0.97251
0.770096
0.906104
0.872079
0.638364
0.434232
0.698025
1.27342
2.78061
1.8556
1.41625
1.22021
1.51818
1.27476
1.42132
0.964112
1.402
0.98582
2.27433
1.8435
2.91054
2.14971
3.90356
3.15019
3.61926
2.96004
5.42047
4.19986
5.20188
4.15157
4.98352
3.86192
7.16475
6.05752
7.26635
6.20114
7.79874
6.14693
9.16743
8.14785
8.88846
7.15173
7.14439
5.90654
6.18733
5.52257
5.6555
5.80128
4.59759
4.05379
3.50505
3.15909
2.429
2.31288
2.76014
2.18049
3.19405
3.47585
2.97769
2.26222
1.55127
1.71776
1.52454
1.33561
0.822194
0.776122
1.43987
0.947998
2.86943
1.90026
1.15684
1.42339
2.59703
1.56093
1.19082
1.34145
1.38378
1.11655
1.27651
1.19744
1.8848
1.12805
1.18228
0.765796
1.10694
1.02869
1.47871
1.05104
1.36772
1.11086
1.48861
1.16396
1.97802
1.59401
1.82999
1.71109
2.67891
1.78832
4.90471
3.71213
5.4439
3.93994
4.55272
3.7908
6.62425
5.42061
6.30067
5.38894
5.51357
4.68271
5.71131
4.50411
6.02727
4.96777
6.01626
4.48272
4.81591
4.01297
5.63865
4.14011
4.14856
3.23509
3.31914
2.80278
4.34989
3.22
3.33142
2.19987
2.41616
2.097
2.13083
2.19529
3.71452
2.63081
3.23099
2.7989
4.28373
2.99729
3.4289
2.42926
1.9895
1.57954
1.6054
1.20583
3.82607
1.80655
1.89964
1.58217
1.15188
0.810676
1.41205
1.0664
1.78597
1.0445
1.28251
1.13413
1.3256
1.7423
2.34761
1.68356
0.932327
0.95272
1.67851
2.17845
2.17293
2.95125
3.3051
2.40957
1.73961
2.44172
1.74207
1.77862
1.90183
1.60129
1.35238
1.79236
1.1746
1.42931
1.16739
1.47031
1.52258
1.65196
0.914
0.983994
0.971367
1.00591
1.46296
1.28258
1.99481
1.33677
1.72407
1.25355
0.77062
0.727837
1.24596
1.17168
1.33711
0.862525
1.1999
0.767017
1.87185
1.31487
2.53678
1.41569
1.58399
1.1553
1.7798
1.27366
1.72692
1.12076
0.982509
1.13869
1.09952
1.22237
1.17046
0.753184
0.95033
0.593491
1.80836
0.628186
1.23021
1.43305
1.09928
1.61351
2.16582
1.35983
2.34246
1.49684
2.78025
1.35136
2.94209
0.868984
1.49907
0.897347
1.56155
0.774565
2.02512
0.946713
2.85367
1.47136
1.66637
1.36666
1.78496
1.47383
1.71741
1.56551
1.24762
1.30723
1.09126
0.864844
1.24542
1.08162
0.946511
1.1815
1.15716
1.33782
1.63203
1.36004
1.4121
2.09405
1.46121
1.819
2.0284
2.4009
1.89836
2.07358
2.11616
1.97243
2.32106
2.60647
3.80119
4.18853
3.73047
3.73358
3.6247
3.65713
5.49485
5.11178
6.87864
5.01894
4.76012
4.16106
4.62049
4.27444
6.79939
5.51418
5.77903
4.92653
5.03625
4.77474
5.32451
4.80656
4.72418
4.25878
3.67816
3.51668
5.04801
3.97833
4.02643
2.88414
2.86026
2.49006
3.10039
2.2443
2.53368
2.05701
2.8842
2.07913
1.53775
1.62452
1.47046
1.58967
1.09857
1.43327
1.69082
1.72455
2.85393
2.25238
2.50703
1.86087
4.15093
2.23379
2.55709
2.067
2.4536
2.12393
1.48544
1.74812
2.07285
2.12061
1.69021
1.95084
1.65959
1.49866
1.78787
1.5767
3.28751
2.1177
1.68983
1.60769
1.246
1.32052
2.18905
1.34445
1.24408
2.13706
1.6715
1.84182
2.60495
2.85969
1.76756
1.96997
1.47429
2.15906
2.14308
2.0008
4.20422
3.73323
4.76608
3.59178
4.44144
4.0625
6.13675
5.92844
7.47083
6.61915
6.21796
5.67667
6.80268
6.40937
5.97887
6.5449
5.89745
5.05427
5.15958
4.07328
5.78
3.96546
4.7079
3.81745
4.88974
3.89199
3.80021
3.09314
4.20097
3.74296
2.49927
3.19318
2.19044
2.367
3.29956
3.60727
3.32762
2.77411
1.98998
1.95205
2.68691
2.82378
3.65954
2.14862
1.80516
1.56337
1.56278
1.59253
1.93806
1.40503
1.73735
2.59989
1.77723
2.03817
1.12283
2.04415
2.51005
2.09299
1.89138
2.27658
2.38833
2.07782
2.51406
1.90194
1.58768
1.70473
1.76682
1.31003
1.10129
1.18599
0.902624
0.944615
0.761862
1.25488
1.73779
1.28082
1.9152
1.2407
3.47131
1.89105
0.808107
0.929876
1.90279
1.52741
2.1021
1.48584
2.9666
1.76801
2.75431
1.91404
1.36709
1.54135
1.77241
1.82548
1.94103
1.53446
1.82697
1.24094
0.770596
0.81814
1.29779
1.91975
1.79473
2.02002
1.31116
0.947349
1.25951
0.853046
1.31893
0.759987
0.805405
0.784008
0.920377
0.82348
0.517909
0.636627
0.888381
0.859043
0.698443
1.01603
1.08786
1.04314
0.828007
0.835427
1.12469
0.749614
0.800504
1.00439
1.39533
0.847616
0.493396
0.833937
0.682467
0.748594
1.16362
0.86787
0.736004
0.562111
0.697394
1.01724
0.83249
0.879534
1.0158
1.32776
1.96419
1.21325
1.18287
1.0984
1.42466
0.752525
1.50467
0.816759
1.55333
1.10608
1.13127
0.794652
0.920378
0.605673
1.45687
0.908577
1.30402
0.885826
1.09121
0.833772
2.35392
1.52397
2.66566
1.77037
2.90752
2.03386
2.64448
2.1407
3.55187
3.44977
3.62655
3.0013
2.97651
2.70028
3.35084
3.16336
3.08073
2.51157
3.14221
2.24606
4.46835
3.01556
2.93413
2.44651
3.51467
2.62855
4.55598
2.57022
4.68381
2.94309
3.31132
2.32976
3.34512
2.06342
3.9526
2.84457
3.43628
2.01235
2.42745
1.51465
2.03393
1.54737
1.72925
1.8119
1.32494
1.54061
1.70639
1.55938
1.16859
1.13118
1.14809
0.956542
0.80042
0.616339
0.942953
0.960036
1.00243
0.807192
1.24603
1.04371
1.39328
0.823414
0.833385
0.63744
1.2489
0.917354
1.60816
1.24826
1.0276
0.842076
0.979383
0.610047
0.827061
0.439488
0.457236
0.532055
0.688828
0.766248
0.883172
0.702218
0.778222
0.861966
0.951989
1.268
2.38064
1.78439
1.84202
2.04618
1.96354
1.96113
1.6061
1.05337
1.44405
1.25578
1.5983
1.90619
2.37063
1.79407
2.21795
2.32848
6.92576
3.59868
4.95946
3.31377
4.31064
2.63795
4.87815
4.12979
4.88219
3.91474
3.76835
3.3569
3.6275
2.87482
3.82558
3.37905
4.64735
3.73305
3.75909
3.31253
4.40438
3.64205
4.11392
2.76711
2.5123
2.1043
3.37061
1.88418
2.46232
1.90035
3.82636
1.83786
3.16728
1.50977
0.948739
1.15701
1.57078
1.01745
1.4437
0.823251
0.764146
1.02809
1.54439
2.28484
0.863812
0.91642
1.01131
0.826255
1.45327
0.882577
2.12187
0.749488
1.88236
1.23308
1.2589
0.894662
1.00428
1.05287
1.0502
1.53721
2.07286
2.25361
2.48629
2.52199
2.26264
1.67438
2.65966
2.43018
1.58986
1.74778
1.69189
1.33763
1.35054
1.42357
1.14075
1.29335
1.70476
1.4423
2.18029
1.25931
1.1311
0.906239
0.982869
1.2577
2.58198
1.37015
1.38481
1.02914
0.694408
0.619632
1.71708
0.906624
1.90325
0.892635
0.728568
0.613346
0.950912
0.64237
1.27791
0.652234
0.400513
0.415204
2.12302
0.858364
1.98608
1.2054
0.782249
0.768865
0.780446
0.671548
3.23384
1.84402
1.37961
1.2672
0.63231
0.892518
1.19256
1.03721
0.617553
0.835963
1.68594
0.933456
1.09098
0.761817
1.53646
0.831296
1.42168
0.704378
1.17734
0.761671
0.806698
0.547394
1.60303
1.1373
1.15436
0.822742
0.960917
0.610584
0.835926
0.414865
1.27415
0.56846
0.706132
0.677407
0.588308
0.522433
1.21465
0.952839
0.943762
0.686882
0.930818
0.708777
1.41579
0.919862
1.65778
1.16275
1.70687
1.71591
3.61022
3.02686
3.41467
2.86653
4.34728
3.05396
4.23766
3.56967
3.54131
3.23111
3.07207
2.98086
3.43277
3.13006
4.05373
3.19206
3.6032
3.14143
3.33528
2.5303
2.88216
