0.675283
15.9998
4.13399
6.59755
1.91425
4.43715
1.50125
9.14259
4.07082
20.6625
6.02843
3.58037
0.943338
0.918991
0.245569
20.2807
5.77008
21.9028
6.2022
20.3337
5.89583
141.232
36.1652
61.9336
16.2477
75.6891
18.6076
61.7233
15.3793
59.5306
14.76
16.4354
4.41673
12.0224
3.01953
15.9814
4.47292
6.19446
1.76076
4.10179
1.30933
9.41889
2.74478
12.346
3.57665
14.7808
4.05954
11.0855
2.86787
129.361
32.0002
98.0484
26.382
78.6857
21.2004
270.941
72.3537
41.7692
10.8538
15.6456
4.12531
53.0244
17.0492
25.863
7.60917
17.6512
4.3796
16.2123
4.6528
147.024
36.1502
34.2011
8.83433
12.4125
3.78538
53.8667
17.3608
6.36707
1.6999
3.50905
1.98726
83.7646
23.1799
24.563
6.47688
7.99675
2.2147
13.5342
4.18512
75.3607
19.4597
47.6663
12.3198
74.9205
18.9531
112.201
28.3305
32.3471
9.45875
18.8949
5.58594
32.959
9.02559
14.4049
4.0411
15.1716
3.97785
25.341
6.96348
6.70864
1.84892
4.56136
1.30493
14.3757
4.02947
153.622
47.9742
82.6618
21.2539
27.8561
7.52522
195.158
47.4908
98.5443
24.899
43.4915
11.016
175.12
46.9198
111.414
30.7771
68.5659
18.5206
53.9714
15.6412
61.1808
16.1108
8.66432
2.23502
7.48267
2.0456
30.1843
9.31371
11.734
3.32302
6.79148
1.91864
12.797
3.75116
7.88964
2.01669
6.04287
2.64992
6.70512
2.04921
17.7922
4.82528
9.31268
2.7301
10.4008
3.32877
68.4553
16.5711
55.7812
14.8207
71.8424
18.6883
97.6836
24.6757
30.3238
8.14774
20.9563
5.61695
43.4432
11.6965
16.9215
5.43043
12.9966
3.91831
2.48927
0.701172
10.3483
3.57683
6.88716
2.04489
1.24927
0.376514
24.1201
7.71194
4.56216
1.33973
3.7036
0.98437
58.224
17.6267
49.531
13.5033
52.6483
15.0249
49.9874
13.9041
152.553
41.5144
41.5039
11.0759
31.9993
9.12991
52.5711
14.5389
11.7155
3.12556
7.20563
2.03279
18.079
5.18171
4.43958
1.1815
2.80038
0.848101
2.21471
0.628101
7.08526
2.0965
6.55726
2.1589
4.49473
1.26648
4.47583
1.24665
2.24827
0.776829
2.1572
0.70182
7.42023
2.25784
3.6351
1.04738
3.29015
1.04798
17.1701
5.01519
12.9212
4.01382
9.94532
2.76334
9.99634
2.71083
68.3723
17.1573
62.5587
16.6353
55.9058
14.5066
127.471
32.5958
45.4596
11.6974
14.7093
3.85614
33.866
8.81235
9.25842
2.45771
3.08387
0.840242
3.63794
1.14792
7.78109
2.29231
3.70051
1.08378
2.86866
1.01429
4.53073
1.55347
0.981476
0.302268
1.34575
0.799336
4.52545
1.51096
8.05285
2.37732
25.2024
8.17236
59.4799
17.2305
139.785
35.5081
30.5562
8.22872
21.1662
5.7105
63.0639
16.7826
33.6577
9.5251
19.672
5.18596
21.2679
5.28345
6.74399
2.136
3.82937
1.10936
8.01217
2.42752
4.00294
1.15238
2.77006
0.758848
1.98945
0.589581
9.63603
3.88548
5.99504
1.61616
2.83245
0.769645
13.7569
4.61805
7.33421
2.10722
8.56395
2.71803
31.6949
9.6876
24.4181
6.56335
35.2241
9.3211
68.6284
17.2149
199.353
50.1042
47.5286
11.8583
27.6111
7.3612
71.142
17.7375
17.1077
4.47443
6.04941
1.80342
15.9923
4.37084
5.49675
1.51857
9.874
2.80718
11.5665
3.69497
50.4765
12.8762
21.5572
6.13576
20.2386
5.54931
23.9535
6.99274
9.2464
2.50924
11.1048
2.69949
30.8482
8.05759
13.9262
4.41477
15.637
5.09797
21.1569
6.19328
187.251
50.9264
75.1109
21.2536
38.378
10.8262
154.195
41.2441
51.8287
13.2966
14.8138
4.16546
57.9673
17.6025
16.0012
4.36575
5.36818
1.48456
11.0888
3.58068
6.34868
1.79566
3.38808
1.01228
3.65484
1.00731
9.64242
2.71668
7.60357
2.23405
20.4927
6.66434
59.8782
15.6994
7.12011
1.87031
2.81798
0.941385
11.0425
3.78893
3.90415
1.08422
4.65278
1.27007
13.1233
4.21228
134.754
33.5927
100.235
25.5449
143.648
37.1562
882.34
215.979
479.326
116.7
293.784
69.2382
442.855
111.115
168.44
48.7634
91.278
22.2844
40.9673
11.0398
94.1113
25.3797
29.4074
7.73366
8.11377
2.14214
16.4009
4.82384
7.35276
2.08882
2.89724
0.738685
19.3791
5.57306
14.7832
3.91036
9.6393
2.83141
424.999
116.939
909.972
232.267
757.344
194.012
388.91
102.969
868.883
218.536
289.908
74.4186
127.097
32.2299
194.129
48.918
16.9773
4.20634
3.06039
1.22891
14.38
3.59085
9.89814
2.46583
5.5179
1.43073
2.46675
0.722889
5.81564
1.88117
3.50673
0.906234
9.31125
2.32071
73.8405
17.9554
91.3968
23.0637
70.8744
17.1913
346.61
84.4554
175.938
44.6282
305.696
77.4473
328.254
82.6779
672.92
161.156
235.18
58.6072
96.8212
24.8507
217.797
56.0223
63.8069
16.6656
23.862
6.11195
34.8072
8.86543
12.6286
3.13993
6.17642
1.59967
15.7964
4.81856
6.02592
2.08739
3.15995
0.903037
8.25439
3.18071
229.874
64.7026
413.656
107.886
572.149
148.007
1152.43
285.141
275.445
71.5127
107.446
26.7544
91.0912
24.2224
8.54173
2.35307
3.59292
1.31977
4.00545
1.10077
4.65239
1.37326
5.11926
1.51823
9.08262
2.34127
23.891
6.27804
8.83301
2.33817
7.71391
2.16307
25.4577
6.54801
13.0687
3.73002
17.5612
4.50107
22.2042
5.63984
238.969
56.8948
206.428
49.3432
198.713
47.5178
1136.31
280.771
353.07
92.6417
153.12
38.0056
403.718
97.5663
145.901
36.8503
57.928
14.8014
42.6336
11.4604
14.0152
3.6576
5.48993
1.49606
5.91977
1.71224
15.4725
4.14241
4.82088
1.29769
15.7801
6.63014
331.316
91.8801
273.128
70.026
327.507
85.8507
527.184
136.87
191.104
49.7519
93.9352
22.5242
50.8499
12.6198
42.409
11.4258
9.4961
2.79166
2.15063
0.712972
6.28447
1.8167
5.33761
2.09476
14.1177
3.63143
53.2562
14.434
18.177
5.25826
9.79605
2.67567
3.53097
1.03442
8.94905
3.47517
9.25366
2.60659
22.3201
5.57535
297.671
73.5942
262.559
64.845
375.879
93.0909
1140.79
283.218
295.671
78.7294
85.6302
21.8832
60.2972
15.5281
127.906
31.6725
29.8486
7.5824
22.1267
6.43994
39.8037
10.0569
10.7218
2.76359
6.19498
1.77481
8.27841
2.4188
3.33569
0.905641
3.14492
1.75369
5.8453
2.32667
7.001
1.92289
24.5373
7.06176
88.6202
25.3745
1074.19
275.098
536.916
138.366
303.71
77.9372
241.173
64.2259
36.0879
9.88822
7.95223
2.25817
8.39467
2.38228
4.62769
1.36097
6.5461
1.54346
5.7426
1.58044
9.99895
2.82856
7.49792
2.042
10.3661
2.69752
59.8042
15.9643
17.9433
4.82742
14.26
3.77897
196.082
49.0261
202.584
49.8826
312.599
78.1549
385.879
95.9778
1719.74
420.239
417.186
102.143
156.641
40.9689
118.099
31.76
30.6228
8.15003
36.144
9.68019
153.452
40.0681
42.6782
11.0572
17.0503
4.97842
35.8876
8.99805
9.30882
2.38938
7.68654
2.4942
5.59852
1.63563
15.5604
4.28686
7.36194
2.1827
17.7096
5.36646
273.655
76.997
300.442
79.9739
437.892
111.183
2117.89
536.493
287.704
73.6247
122.208
32.0491
35.3923
9.49736
41.2852
10.6182
11.467
3.14786
3.37845
0.937426
4.47966
2.49644
3.84621
1.16072
2.15372
0.574273
20.7626
6.05477
4.30568
1.61119
2.64177
0.779423
5.28871
1.43262
70.8094
18.2045
69.3312
17.1107
60.4115
15.9102
254.24
65.7573
113.205
27.7783
129.023
35.1779
187.687
45.3264
36.2237
9.13241
14.609
3.82792
47.8359
11.8398
20.8088
5.68462
12.0561
3.29757
12.1081
3.29184
36.1103
9.7485
9.30134
2.94006
3.63136
1.08943
10.7675
2.9291
10.3099
3.07256
11.3723
4.27936
42.1604
11.917
57.6796
16.4014
116.711
30.486
116.662
31.4439
287.86
76.318
81.8363
20.168
21.3669
5.60617
27.5363
7.31648
17.1719
4.9096
6.2678
1.77611
8.17145
2.66267
5.15761
1.37925
2.72814
0.815838
3.935
2.17581
23.2977
5.91603
14.9741
3.8723
13.1246
3.35283
116.532
28.3866
69.6827
17.4583
51.6495
13.7044
260.754
65.5419
85.9963
21.5195
48.049
12.5075
97.9473
26.2417
21.9324
5.39599
17.5448
5.10634
11.4123
2.98633
26.3289
7.26927
9.70497
2.62435
8.82946
2.57691
31.2561
8.51815
6.44774
1.95167
3.46472
0.928959
3.93671
1.10971
11.2045
3.41121
33.9883
10.5778
89.6724
24.197
351.321
94.4277
126.26
34.2759
79.9441
21.1822
271.359
70.7137
81.3059
21.0864
15.4841
4.29523
18.409
5.83849
12.5614
3.49078
6.95642
1.88793
10.1112
2.86204
24.5498
6.41201
4.94146
1.2504
5.61596
2.27316
8.69231
2.5444
7.47524
2.0534
19.1766
5.83599
199.738
47.7685
79.993
20.2455
67.5308
17.5881
196.17
50.7109
76.1712
18.7815
90.9398
23.0347
89.17
22.004
186.98
46.3463
71.4916
17.0838
33.6708
8.84136
58.8627
14.9638
22.7637
6.23563
12.3974
3.2564
17.6661
4.86249
6.69383
2.1222
4.33521
1.27297
2.55876
0.733262
25.2692
8.59448
33.0802
9.54306
62.5961
16.9108
399.923
104.821
125.481
33.8257
75.8652
20.4523
185.79
48.5015
60.1272
15.589
25.3024
6.73538
18.8087
5.19973
17.5146
5.02954
2.79299
0.777045
2.65084
0.771836
8.09954
2.43744
4.26947
1.16033
7.66419
2.5707
32.899
8.655
38.1457
9.31572
63.5232
16.4536
70.3329
17.9396
270.918
67.2685
90.0682
22.0241
70.0746
17.3157
191.778
49.1437
25.5016
6.86115
12.2673
3.32268
34.7812
9.22235
16.6664
4.69703
28.1305
6.86083
36.293
10.6686
8.96893
2.45654
4.46101
1.33138
1.14295
0.32602
5.7067
2.15156
4.81933
1.53382
6.81981
2.0104
85.2212
23.4676
86.4886
23.5034
78.1391
21.2848
283.78
74.601
103.398
27.3917
62.8916
17.0298
69.9714
19.714
128.178
33.8472
20.2006
5.37844
5.9183
1.70652
7.19406
2.38917
1.74998
0.50373
1.84253
0.736573
3.50756
1.26099
1.09836
0.291443
1.8337
0.858131
1.46948
0.572753
30.3501
8.07373
39.7122
10.8759
53.3022
14.0973
188.652
48.1743
84.3699
20.9558
88.5048
21.7346
247.817
62.7692
113.027
27.2914
90.3558
23.8331
206.633
50.9765
57.0071
16.1592
25.2009
6.09978
12.2398
3.27736
38.0223
10.2685
6.97521
2.1785
19.5532
5.86008
85.7136
23.5935
59.2475
16.3354
115.75
29.8147
501.711
131.698
165.383
42.3575
107.838
27.5018
84.5257
22.4968
200.014
50.9785
33.6089
8.97013
18.0015
5.17064
33.4433
9.02635
4.84621
1.28073
3.29533
0.995597
45.9966
12.0917
31.8162
8.66263
27.2943
7.2402
22.348
5.49137
109.441
26.8472
100.912
26.878
82.2991
20.6366
206.036
50.3892
47.019
13.3605
23.9605
5.86069
30.0197
7.92793
12.9564
3.7591
10.0556
2.44962
16.4549
4.62685
6.86446
2.10233
2.92638
0.837487
1.62327
0.466692
4.7766
1.82994
3.34628
0.890005
3.17781
0.861556
10.559
3.55535
7.58144
2.22775
4.75151
1.46489
29.8296
9.32554
31.1157
8.57122
30.8919
7.59476
37.3224
9.62373
142.09
37.4311
32.1694
8.18597
12.2151
3.56986
38.8826
10.7308
10.7759
2.99144
14.1409
4.34241
20.8535
5.59877
1.90051
0.50821
0.560364
0.222833
0.971429
0.369811
2.29168
0.90792
4.9205
1.51845
22.3509
5.84867
170.227
42.2323
54.9853
14.113
43.2669
10.5966
68.3112
17.2436
13.7996
3.63295
14.7468
3.4353
18.0867
4.9352
5.30348
1.4457
3.47743
0.886289
4.95626
1.35504
9.40319
3.45042
3.8847
1.14203
2.48544
0.701113
16.6074
5.97479
20.7551
5.88076
27.791
7.75888
117.173
32.8534
57.1766
15.5876
29.9663
7.7873
20.0401
5.35026
10.3056
3.09037
1.5587
0.465212
1.56108
1.03364
7.46606
2.77251
2.00711
0.555266
2.14046
0.758121
7.47093
2.7411
1.6338
0.471595
1.80167
0.658144
1.28803
0.366887
5.10049
1.3896
11.0534
3.17959
24.1149
5.66886
36.036
9.04379
19.0499
4.96029
36.6449
9.35016
140.323
35.4564
71.1212
17.8094
42.9461
11.2134
16.179
4.19372
12.3211
3.53957
7.3711
2.05053
2.58929
0.748427
6.56768
2.0454
5.67684
1.39468
1.70047
0.552276
2.97316
1.74658
2.26761
0.677115
3.34061
0.952763
12.6483
4.06256
17.1664
5.14272
28.8542
8.52171
39.6136
11.4825
150.432
40.8671
50.3089
13.4004
47.4524
13.2064
54.1466
14.159
8.23224
2.28595
4.20315
1.27937
5.60597
1.773
0.86293
0.253482
1.05814
0.356741
2.04308
0.752417
5.47834
1.64721
2.17906
0.914359
1.5135
0.562772
43.4712
11.1562
20.0936
5.26049
29.884
7.40037
120.208
29.76
56.0042
14.7535
28.4773
7.25208
5.85337
1.56116
15.0043
5.41248
5.24074
1.50857
1.41633
0.405398
4.49068
1.45254
2.75162
0.762697
2.35915
0.600194
3.18815
1.01827
2.336
0.62068
2.13477
0.574861
2.81342
1.83373
2.38141
0.811055
4.31881
1.28737
14.9835
4.80425
106.624
29.5616
44.6377
12.1083
37.2438
10.146
89.0807
24.2208
8.01529
2.16526
3.81156
1.8614
4.57419
1.46209
2.67433
0.735842
2.8696
0.717545
0.422643
0.45179
1.27273
0.899847
1.86741
0.695103
1.95872
0.592874
3.43027
1.2342
4.21292
1.92263
9.32131
2.9087
147.143
35.598
68.7646
18.138
66.6989
16.872
50.569
12.6699
42.684
10.6358
16.9111
4.38431
6.32155
1.71497
16.4974
5.55733
8.31718
2.04027
1.9714
0.54082
3.5767
1.33773
1.99895
0.638933
2.04089
0.592931
3.82232
1.42592
2.94515
0.90862
6.04369
1.79492
15.8276
5.91456
105.249
27.3832
53.4905
13.8535
60.4094
16.5333
199.441
51.7358
30.8156
7.91808
8.5517
2.47637
13.3582
4.07197
2.85767
0.830464
3.17006
1.60962
4.10857
1.24861
7.21392
2.00693
3.42572
1.00669
4.7138
1.51578
18.2907
5.55909
13.5543
3.77732
41.5671
9.81472
202.278
50.2989
132.181
32.9309
97.6942
25.0624
27.3714
6.95545
18.0424
5.32409
8.45909
2.48235
5.86125
1.57197
8.99983
2.89643
3.00774
0.945846
1.72579
0.430399
5.10466
2.99094
2.75919
0.802742
0.74638
0.231577
3.54088
1.20241
2.85262
0.870533
5.06179
1.60962
9.60834
2.3831
103.238
27.1907
63.3421
15.6016
58.9207
14.62
53.1286
14.3338
9.85444
2.6158
3.85729
1.47712
9.37513
2.85894
1.91837
0.531701
1.84025
0.732744
1.54843
0.43702
2.8717
0.876706
2.29183
0.918457
0.999483
0.315395
2.00622
0.625843
0.874132
0.270516
5.56676
1.90542
134.662
32.2177
142.008
35.631
106.758
27.4329
52.7614
13.4052
39.478
10.4122
6.84095
1.84803
2.47362
0.706748
5.90374
1.98776
3.2397
0.977456
1.45137
0.478308
3.10716
0.985695
1.60446
0.516212
1.23697
0.381601
5.2673
2.65327
2.4105
1.1347
1.73666
0.477075
2.45527
0.771496
54.9707
16.4113
88.7858
22.9923
113.97
30.8396
198.843
51.398
31.3451
8.61807
15.3348
4.56128
16.3954
4.30656
3.07273
0.817929
1.05179
0.322002
1.211
0.366289
2.82565
0.956073
0.786878
0.262018
0.823353
0.265054
1.97204
0.692915
2.82838
1.21742
2.23874
0.699144
24.1951
6.18135
52.1727
13.521
175.365
43.1268
208.426
52.01
212.164
49.9898
74.1611
18.4389
12.956
4.04814
10.3283
4.12982
3.33586
0.926378
1.37713
0.4258
1.96717
0.659766
1.45981
0.458025
1.27281
0.342069
1.36569
0.452757
2.5313
0.783097
0.737995
0.204926
1.51243
0.779223
2.04156
0.697773
1.00499
0.275861
2.86848
0.895355
104.484
30.661
146.47
38.2355
198.033
50.4292
246.345
61.6727
39.0983
10.282
21.7074
6.45072
12.8179
3.58153
7.57891
2.05321
2.30581
0.64651
1.82098
0.583535
6.28994
1.82779
1.80485
0.841464
1.12483
0.341287
1.39011
0.404814
1.91154
0.782038
1.72801
0.502818
0.829628
0.235328
4.35303
1.37726
17.8111
4.91194
41.1499
10.4204
388.005
98.4327
103.842
26.1663
31.9672
8.39337
20.6561
6.12702
5.23279
1.40583
1.92346
0.523027
1.76602
0.529636
3.41963
1.22659
2.55263
0.67603
1.91752
0.532534
3.61031
1.19243
2.05946
0.655983
3.59179
1.53287
5.98568
1.60846
0.983703
0.291806
1.09726
0.441632
32.5073
10.9348
42.423
10.4336
49.8064
13.3522
44.721
11.9918
48.744
13.1992
12.2054
3.09336
4.19846
1.10615
3.6969
0.974739
1.79216
0.473597
1.34517
0.376368
2.48784
0.793038
0.715013
0.229752
0.645261
0.162533
0.324488
0.200803
1.43577
0.815059
0.460828
0.19429
0.17385
0.0569461
1.2583
0.379816
1.43013
0.516752
11.1711
3.42421
212.683
48.3274
230.003
56.3525
87.6928
22.2505
56.3621
14.9829
74.475
19.2271
13.6146
3.54738
5.86698
1.74409
8.57486
2.54358
1.18722
0.335565
0.820539
0.292324
3.51905
1.33042
1.69383
0.488059
5.28926
2.22898
29.3323
8.15177
12.4646
3.38773
17.0665
5.01222
40.3658
11.928
195.014
48.6842
78.7912
21.8533
33.2459
8.51774
34.8493
10.1886
10.7199
3.15947
4.90546
1.52984
12.9763
3.63026
6.05273
1.65998
6.04037
1.72233
18.5746
5.30605
270.991
69.0769
202.277
50.8559
158.3
41.5135
566.672
133.563
224.582
56.9858
195.598
49.1004
713.331
177.347
411.984
100.757
363.376
92.6242
396.232
98.3886
1000.77
245.818
190.488
48.2826
100.584
26.0099
219.454
53.6023
56.6148
13.8315
31.6612
7.96988
55.2316
14.4894
21.8529
5.99427
29.0022
7.64703
288.884
70.628
53.26
13.9964
54.7153
16.2425
82.6993
22.1617
761.592
196.682
376.075
98.7798
291.351
75.8692
817.756
210.633
162.328
43.8211
139.69
36.8487
322.529
84.439
70.2192
20.1873
35.6553
9.35094
14.6747
3.82799
18.0054
5.32774
13.6481
3.58266
15.0292
4.2566
38.5125
10.7037
30.7847
7.98585
34.8202
8.95069
157.731
41.0232
61.5097
15.5253
71.2541
18.0228
124.526
30.8437
559.886
141.285
176.538
43.3038
222.075
57.4414
1697.01
424.283
679.416
169
873.604
215.625
1598.45
398.33
294.947
73.048
131.768
34.4896
72.1379
19.0747
85.5161
21.7634
23.5713
6.49579
20.5505
5.67858
52.5922
13.8164
22.2579
6.41983
11.7244
3.24308
30.8408
8.08042
29.5766
8.12541
89.3003
23.2211
378.928
99.4153
247.287
65.6088
265.245
70.0104
201.503
51.2945
357.047
94.8443
202.439
51.8523
82.8897
21.8509
200.11
54.2858
211.223
55.2653
99.5985
26.1409
73.7539
19.6568
47.8231
12.1871
28.5997
7.51872
20.8171
5.91709
69.754
18.0701
41.8626
10.6102
39.3601
12.766
224.839
57.2678
106.494
26.7993
124.988
32.8118
620.517
156.428
256.042
65.0316
277.9
71.8436
305.338
74.9416
993.489
243.157
208.891
55.1636
215.602
55.418
881.941
217.833
171.566
43.3501
113.125
28.2659
172.022
44.2323
49.0183
14.0573
26.3633
6.77003
41.9094
10.5215
8.32075
2.21363
22.3658
7.18209
76.1321
20.9313
1269.52
328.805
265.201
70.3134
301.272
77.8137
517.344
135.152
243.747
64.9334
148.117
38.3395
345.544
90.2822
117.921
29.0087
51.6592
13.6877
27.5165
6.84053
19.7473
5.54617
4.35721
1.16745
9.14223
2.89346
53.7118
14.4374
35.3456
9.01412
52.2711
14.2136
340.217
86.9647
251.419
62.9384
241.79
60.7463
280.493
69.6845
1278.99
318.336
357.523
90.5313
267.099
71.37
1198.27
293.889
402.902
99.9611
327.576
84.5376
452.083
111.832
77.9445
20.0685
40.7553
10.8586
62.1645
21.0105
30.7151
8.58873
15.1103
3.98565
6.57243
1.70027
15.5415
5.28371
39.5728
11.1164
121.911
32.2467
1091.96
283.453
289.613
78.3977
155.786
40.7131
467.282
120.98
356.369
90.3158
367.431
93.2626
140.723
37.1461
351.34
90.6461
39.5318
10.1927
13.3988
3.88605
32.8675
10.0529
9.26101
2.51264
15.5016
5.35284
124.673
32.3868
69.5093
17.2471
72.1156
18.9674
98.1438
25.8246
372.529
94.6827
132.178
34.6555
153.238
39.8095
625.734
156.255
331.732
85.5187
386.607
99.378
1119.53
279.09
265.752
65.3226
203.512
50.992
659.937
167.676
219.266
57.3684
80.2146
20.3238
30.5315
7.90527
109.143
28.0943
33.4156
8.75187
11.2984
2.93293
18.0536
6.21385
9.12543
2.48391
3.68524
1.11193
16.7564
4.64827
8.81173
2.34082
3.75422
1.09067
5.23187
2.43335
151.051
42.8253
180.684
48.3056
462.585
118.216
1268.83
323.492
179.674
47.0616
105.062
28.3787
286.691
73.5801
111.142
29.6509
120.658
33.3591
136.07
37.3667
214.73
54.1613
25.5082
6.77638
23.7007
6.49384
32.9519
9.34164
38.8498
10.5099
60.868
15.4422
60.8841
