79.8555
79.9347
80.0676
80.1615
80.2684
80.1188
80.09
80.157
80.1252
80.4088
80.4832
80.2911
80.2683
80.1775
80.1999
80.1329
80.2364
80.2778
80.2411
80.3034
80.0956
80.5694
80.6205
80.5002
80.5767
80.5998
80.6576
80.9246
81.0801
81.2304
81.2868
81.5004
81.4693
81.3876
81.3999
81.2143
81.2743
81.3314
81.315
81.1887
81.2075
81.2405
81.2644
81.1704
81.1375
81.1593
81.3041
81.1115
81.048
80.557
80.6349
79.8674
79.8479
79.6211
79.6878
80.0155
80.0351
79.9018
79.8904
79.8839
79.94
80.1391
80.2305
80.1139
80.2475
80.1102
80.1445
80.1136
80.1814
80.1395
80.202
80.2464
80.2731
80.322
80.3315
80.4214
80.4975
80.3377
80.3188
80.5349
80.4457
80.3869
80.4679
80.3792
80.4441
80.4859
80.5725
80.7501
80.737
80.4216
80.5529
80.6239
80.7156
80.5676
80.9207
81.0883
81.3446
81.1201
81.1124
81.1317
81.4214
81.5438
81.5509
81.5087
81.5022
81.4388
81.5178
81.2954
81.2985
81.2634
81.2512
81.2314
81.2639
81.0811
81.0405
81.1704
81.1882
81.2653
81.2616
80.9789
81.1707
80.8227
80.9605
80.1134
79.9876
79.921
79.8262
79.6317
79.8466
79.4941
79.3857
79.0386
79.1416
79.3726
79.4104
79.5135
79.5056
79.4177
79.4601
79.4117
79.3451
79.4957
79.7062
79.2846
79.2798
79.7916
79.7682
79.738
79.7705
79.8422
79.8318
79.9572
79.8239
79.5854
79.6058
79.4981
79.6208
79.5771
79.6074
79.753
79.7054
79.7127
79.6824
79.9022
79.8851
79.8408
79.9148
80.2487
80.2047
79.9585
80.2558
80.7208
80.6182
80.2717
80.2819
80.4268
80.4605
80.26
80.3076
80.2488
80.2745
81.0136
80.5964
80.51
80.4528
80.3655
80.36
81.0162
80.5622
80.2568
80.2663
80.1389
80.1211
79.9118
79.812
79.4939
79.4539
79.064
79.3692
79.0111
78.9396
78.7548
78.6333
78.2944
78.3537
78.3563
78.4894
78.7906
78.718
78.6686
78.6645
78.7271
78.8337
78.8101
78.8786
78.6467
78.6714
78.8635
78.9012
79.1616
79.1752
78.8243
78.8567
79.1796
79.188
78.981
78.9796
78.8582
78.9064
79.1955
79.2008
79.1157
79.0827
79.2329
79.3764
79.4705
79.4425
79.3662
79.4518
79.2493
79.2245
78.9269
78.9558
78.6619
78.7134
78.5735
78.601
78.4637
78.5078
78.3215
78.5822
78.437
78.5692
78.6041
78.5301
78.3841
78.5195
78.3304
78.3558
78.7602
78.7981
78.8731
78.942
78.6971
78.7218
78.9492
79.0186
79.1307
79.2056
79.0278
78.9804
79.1453
79.1778
79.2648
79.3172
79.3349
79.3469
79.4843
79.4128
79.2933
79.312
79.061
79.1591
78.8558
78.7308
78.2419
78.401
78.0131
78.1643
77.9081
78.0879
78.2742
78.2492
78.3684
78.2916
78.4675
78.5891
78.3324
78.3811
78.4264
78.4825
78.6109
78.7246
78.5571
78.5904
78.5416
78.5807
78.6609
78.6085
78.6124
78.6807
78.4625
78.406
78.7794
78.8505
78.6248
78.6456
78.6985
78.6817
78.7741
78.742
78.6975
78.7
78.6676
78.8616
79.1037
79.0539
78.9804
78.8822
78.6004
78.7449
78.7014
78.8027
79.2051
79.0695
78.8706
78.9506
78.8746
78.9194
79.2634
79.3565
78.8918
78.9947
79.0531
79.0997
79.5749
79.5783
79.3584
79.4478
79.6998
79.8476
79.9098
79.8264
79.9027
80.087
80.2779
80.3301
80.2492
80.3203
80.241
80.2917
80.346
80.3423
80.8178
80.6627
80.3211
80.4048
80.4823
80.4071
79.944
80.0362
79.5609
79.5075
78.5396
78.6994
78.172
78.1476
77.6086
77.6658
77.5382
77.7172
77.2998
77.2814
77.2639
77.3108
77.2476
77.5924
77.2058
77.1891
77.1523
77.0958
77.2812
77.3992
77.5163
77.5434
77.6718
77.6674
77.5395
77.5407
77.4607
77.6381
77.3972
77.5435
77.8321
77.6889
77.7021
77.7243
77.5306
77.5124
77.6844
77.6548
78.0456
78.0938
77.9842
77.9972
77.9336
77.9337
77.9549
78.0189
78.6323
78.6788
79.005
79.1018
78.6522
78.7425
78.9508
78.9454
78.3027
78.2189
78.0216
78.296
77.5569
77.8381
77.3309
77.4708
77.4445
77.5146
76.9364
77.0565
76.8316
76.966
76.6644
76.7223
76.4251
76.4261
76.4048
76.3479
76.189
76.1967
76.12
76.1531
76.137
76.1236
76.1691
76.1732
76.1124
76.1639
77.2796
76.9671
77.0619
77.1441
77.6975
77.5223
78.061
78.1306
78.2772
78.0403
78.1143
77.9859
77.9694
77.9757
77.5339
77.5664
77.368
77.397
77.3523
77.3814
77.5452
77.6626
77.5319
77.4805
77.4892
77.4272
77.5454
77.6707
77.5324
77.4994
77.4913
77.4984
77.2685
77.258
77.6336
77.483
77.5269
77.34
77.3377
77.2723
76.9726
76.9674
76.598
76.6318
76.8048
76.7386
76.6051
76.8091
76.2772
76.4512
76.0299
75.9773
75.3446
75.5283
75.0658
75.2655
74.7358
74.7549
74.5108
74.4699
74.5897
74.7365
74.4688
74.4056
74.3629
74.3855
74.4011
74.544
74.4277
74.3581
74.2271
74.2838
74.5185
74.588
74.5749
74.6587
74.9568
75.0399
74.9573
75.046
75.027
75.1321
74.9037
74.9427
74.9682
74.9706
74.8413
74.9296
74.8066
74.7665
74.7989
74.9462
74.6928
74.7154
74.6234
74.6945
74.5696
74.5469
74.5493
74.5438
74.4176
74.5171
74.6591
74.6248
74.5759
74.6111
74.72
74.8363
75.0448
75.0385
75.041
75.0068
75.1368
75.2284
75.7535
75.7376
75.7983
75.7997
76.1962
76.1179
76.6778
76.776
76.5959
76.4546
76.5602
76.5619
76.6019
76.8286
76.4002
76.3996
76.5149
76.4986
76.2414
76.2937
76.034
76.054
75.9029
76.0216
75.9288
76.0049
75.7343
75.7388
75.8428
75.8577
76.1068
76.0434
76.4574
76.4771
76.2529
76.2442
76.3737
76.5054
76.4315
76.4775
76.2556
76.2117
76.3417
76.3907
76.0942
76.1107
75.9063
75.8571
75.7634
75.8143
75.8903
76.0147
75.8562
75.8057
75.9936
76.1358
75.9392
75.9552
76.0009
76.1855
76.1678
76.1612
76.233
76.3072
76.1988
76.2447
76.3422
76.335
76.5089
76.5266
76.4432
76.4054
77.2395
77.0742
77.0456
77.1973
76.9134
77.0101
76.38
76.4359
76.1651
76.3507
76.0468
76.1464
75.9826
75.9825
75.8302
75.9576
75.8697
75.8332
75.7515
75.8289
75.6564
75.5595
75.4563
75.47
75.5837
75.6077
75.4309
75.3576
75.2377
75.2229
75.5577
75.5716
75.522
75.4028
75.1929
75.2278
75.3871
75.4943
75.7315
75.8043
76.441
76.4632
76.3181
76.3524
75.9897
76.0676
75.7609
75.8707
75.9026
76.0411
75.7774
75.8127
75.5433
75.479
75.5085
75.5055
75.5321
75.5803
75.6107
75.7583
75.7355
75.8441
75.8398
75.8066
75.6571
75.7364
76.247
76.1223
75.9014
75.8801
75.7268
75.6888
76.3043
76.4003
76.6501
76.6341
76.0957
76.0867
76.0248
76.2128
75.8559
75.6839
75.6651
75.6876
75.3597
75.4107
75.412
75.5532
75.5969
75.6367
75.9174
75.8761
76.0926
76.2896
75.967
76.1079
76.2064
76.3167
76.3091
76.2638
76.25
76.2405
76.2916
76.338
76.2937
76.2481
75.9935
76.1351
76.1924
76.2625
75.9727
76.0823
76.4314
76.4378
76.5845
76.581
76.9144
77.1852
77.5745
77.4783
77.013
77.0915
76.8145
76.9022
76.8399
76.8673
76.6841
76.715
76.5286
76.5672
76.4393
76.4466
76.605
76.5054
76.3274
76.4263
76.2753
76.2371
76.3078
76.372
76.3198
76.258
76.1852
76.2001
76.1536
76.0748
75.8646
75.8263
75.5047
75.5017
75.3618
75.4648
75.2289
75.3523
74.8515
74.9775
74.7039
74.835
74.603
74.693
74.5277
74.5752
74.5878
74.6021
74.6074
74.7269
74.7526
74.7574
74.8118
74.8766
74.9016
74.8718
74.689
74.8213
74.7808
74.7826
74.6808
74.6433
74.7241
74.7507
74.8379
74.8876
75.0266
74.9541
74.916
75.1634
74.7867
74.8247
74.4949
74.563
74.579
74.4636
74.9995
75.0305
74.7984
74.8937
75.0086
75.0137
74.9404
74.9861
74.7097
74.7974
74.7133
74.6891
74.9464
75.0862
74.8364
74.8393
74.9183
75.0161
75.0343
74.9572
74.8554
74.859
74.7897
74.7881
75.0939
75.0632
75.1549
75.0649
74.8382
74.9202
74.8017
74.8452
75.03
75.0066
74.6689
74.7345
74.9742
75.3132
75.3777
75.428
75.1594
75.2168
75.3895
75.4841
75.4602
75.4327
75.4433
75.4497
75.5114
75.5127
75.3758
75.3279
75.4899
75.4452
75.3829
75.4842
75.3827
75.4175
75.3747
75.3609
75.3677
75.3688
75.4569
75.4862
75.153
75.2383
75.2847
75.4301
75.6181
75.6585
75.4915
75.7508
75.5518
75.7711
75.4814
75.6305
75.5364
75.495
75.7683
75.7779
75.7828
75.7481
75.7857
75.7718
75.9477
75.8167
75.9888
75.9826
75.8794
75.8493
76.1767
76.0999
75.9944
75.996
76.0208
76.0053
76.0327
76.0511
75.901
75.9438
75.5769
75.5401
75.5089
75.6048
75.473
75.4052
75.2145
75.246
75.0429
75.1891
75.0609
75.2352
75.1937
75.3157
75.2063
75.1551
75.3698
75.3428
75.308
75.3477
75.4019
75.4104
75.311
75.2976
75.3683
75.359
75.299
75.3228
75.3027
75.352
75.379
75.4301
75.5907
75.4999
75.4375
75.2771
75.0967
75.1111
74.9302
74.942
74.8774
74.949
74.9551
74.9695
75.5755
75.7606
75.3171
75.1762
75.0632
75.0928
75.0384
75.06
75.1215
75.2153
75.1021
75.1109
75.2887
75.3373
75.3488
75.3073
75.4236
75.4159
75.5381
75.4126
75.3232
75.2832
75.4554
75.3749
75.3453
75.3949
75.2313
75.3118
75.052
75.0981
75.2371
75.1956
75.2432
75.2833
75.4462
75.459
75.8069
75.8073
75.6764
75.704
75.604
75.5315
75.7094
75.6783
75.9592
75.8493
75.7843
75.6971
75.7506
75.7282
75.7635
75.7718
75.6679
75.6347
75.8568
76.0596
76.0855
75.9713
75.825
75.792
76.0237
76.083
76.2132
76.2033
76.2201
76.3089
76.3733
76.6121
76.524
76.6563
76.362
76.4503
76.6751
76.9091
77.1489
77.0315
76.702
76.762
76.9678
77.0216
77.1849
77.1019
77.1899
77.1525
77.1489
77.1505
77.1258
77.0421
76.9329
76.9389
76.8546
76.9997
76.957
76.9647
76.7865
76.7362
76.3724
76.4589
76.3367
76.3724
76.221
76.3516
76.1608
76.1563
76.2781
76.2931
75.8186
75.8342
75.9326
75.9406
75.859
75.7718
75.7777
75.7728
75.5919
75.6714
75.4773
75.4925
75.3473
75.3829
75.4867
75.6131
75.4188
75.527
75.3742
75.3635
75.4966
75.5553
75.5313
75.5596
75.7633
75.7286
75.5922
75.8848
75.4868
75.5235
75.2301
75.4579
75.6628
75.5223
75.9542
75.817
75.8741
75.8884
75.7187
75.6967
75.8113
75.6774
75.5295
75.5803
75.549
75.5538
75.8922
75.8327
75.5287
75.5549
75.7637
75.8546
75.6269
75.6183
75.0413
75.0495
74.7708
74.9538
74.6382
74.7562
74.5078
74.5751
74.4358
74.4564
74.4199
74.5004
74.4453
74.5392
74.5763
74.6248
74.4173
74.4198
74.3876
74.4031
74.2967
74.3593
74.4074
74.4138
74.3127
74.3194
74.5439
74.4842
74.4667
74.4399
74.299
74.3139
74.6624
74.6505
74.7858
74.7519
74.6578
74.6667
74.8178
74.632
74.4785
74.5424
74.5895
74.7214
74.8048
74.7684
75.0408
75.1747
75.0804
75.2021
75.1311
75.0906
75.1537
75.2074
74.9729
74.9772
74.9986
75.053
75.0563
75.0874
75.0378
75.0426
74.9977
75.0569
75.067
75.0302
75.2371
75.132
75.0113
75.0349
75.0418
75.0564
74.8926
74.8457
74.6407
74.6929
74.5514
74.6836
74.4723
74.5126
74.4232
74.4105
74.3838
74.3991
74.1544
74.1177
74.2025
74.2273
74.1412
74.1592
74.0759
74.0581
74.1303
74.025
74.0075
74.0236
73.9822
73.9304
74.2984
74.3771
74.1211
74.1319
74.2249
74.2847
74.6722
74.8984
74.5605
74.6203
74.6167
74.6617
74.7014
74.6898
74.8122
74.7821
74.8761
74.8393
74.9146
74.7677
74.6462
74.52
74.4696
74.4758
74.8203
74.5192
74.8522
74.7791
74.5206
74.5129
74.7893
74.7764
74.6562
74.6579
74.6485
74.7141
74.6221
74.6497
74.7821
74.7569
74.7233
74.7285
74.6784
74.742
74.5991
74.621
74.3844
74.515
74.3786
74.5326
74.2982
74.4385
74.1687
74.1558
74.2867
74.3252
74.1763
74.1871
74.0379
74.0708
74.2778
74.34
74.2062
74.2208
74.2614
74.3132
74.4343
74.5262
74.4204
74.4471
74.4417
74.412
74.5971
74.58
74.5302
74.6068
74.6011
74.686
74.7347
74.7354
75.2116
75.1772
75.068
75.1369
75.2672
75.401
75.4591
75.5354
75.4369
75.4058
75.587
75.6417
75.5467
75.5371
75.613
75.5946
75.6676
75.6633
75.5311
75.47
75.5717
75.6415
75.567
75.5326
75.4553
75.4741
75.4705
75.5296
75.4696
75.4365
75.2546
75.2649
75.1526
75.3949
75.2854
75.2334
75.0255
75.1232
75.149
75.133
75.1956
75.2589
75.1912
75.1807
75.1828
75.1376
75.1623
75.1481
75.0782
75.0927
75.0119
75.0009
74.9432
74.8846
75.0566
75.0725
74.8628
74.8165
74.9676
74.9223
75.0037
75.0031
74.9393
74.9282
75.045
75.0433
75.5064
75.6448
75.6406
75.5771
75.7313
75.8487
76.2899
76.3752
76.0611
76.0108
76.1489
76.0122
75.9554
75.9521
75.764
75.7489
75.7692
75.7693
75.8369
75.9171
75.9395
75.8187
75.871
75.9598
75.8494
75.8425
75.6561
75.6989
75.7273
75.6758
75.6221
75.6497
75.1591
75.3058
74.6984
74.7723
74.3872
74.2951
74.1378
74.1546
74.1632
74.2127
74.1692
74.127
73.9906
74.047
74.2143
74.2147
74.0332
74.0528
74.0065
73.9963
74.117
74.1329
74.2687
74.2962
74.2793
74.297
74.5253
74.5138
74.3915
74.435
74.4813
74.4593
74.5548
74.6367
74.7844
74.91
74.8222
74.8337
75.1262
75.2278
75.7574
75.6007
75.6299
75.7064
75.7985
75.8301
75.81
75.8658
75.8474
75.8254
75.9533
75.8641
75.8549
75.8466
75.9439
75.8485
75.8467
75.7988
75.8424
75.7667
75.9227
75.9296
75.9818
76.0834
76.3239
76.3376
76.4963
76.5497
76.6044
76.6415
76.5771
76.5899
76.7173
76.7097
76.9176
76.948
76.9808
76.9817
77.0655
77.0555
77.0681
77.163
77.0042
77.0286
76.8892
76.881
77.0212
77.1115
76.9075
76.8503
76.8385
76.8248
76.7821
76.8216
76.8429
76.9068
76.8804
76.9008
76.9495
76.9459
77.0472
76.9842
76.7559
76.8053
76.7014
76.6316
76.4701
76.5482
76.4023
76.3511
76.3268
76.2154
76.0788
76.1688
76.0836
76.063
76.1833
76.1595
76.1151
76.1044
75.8849
75.9036
76.0745
76.0494
75.8656
75.9023
75.899
75.8724
75.8929
75.8864
76.1538
76.1244
76.6192
76.522
76.3792
76.4543
76.1566
76.2109
75.998
76.1283
76.3578
76.41
76.3832
76.4561
76.4108
76.3898
76.4918
76.5273
76.6056
76.6393
76.5249
76.5281
76.7033
76.714
76.5053
76.4912
76.5419
76.6019
76.7129
76.6507
76.6946
76.6184
76.3498
76.3929
76.5327
76.5412
76.7025
76.6604
76.306
76.4191
76.3353
76.3461
76.1258
76.2556
76.011
76.0011
75.9558
76.054
75.8073
75.8899
75.8097
75.8135
75.8216
75.835
75.827
75.8413
75.7881
75.7994
75.7319
75.7268
75.8237
75.8307
75.6628
75.6251
75.7491
75.7742
75.6167
75.6514
75.5719
75.5919
75.9046
76.0228
76.1256
76.1043
76.3934
76.4345
76.6444
76.8177
76.8088
76.8941
76.9314
76.8057
76.9766
76.9764
77.0055
77.0623
76.8378
76.8122
76.9658
76.9837
77.0174
77.0238
76.7928
76.8164
77.0044
77.0364
76.9892
76.9705
76.8984
76.9155
76.8635
76.9386
76.796
76.7666
76.7973
76.7921
76.8141
76.8703
76.8499
76.8983
76.4638
76.4423
76.5497
76.5513
76.255
76.3538
76.3391
76.3499
76.1183
76.1655
75.9058
75.9511
75.8522
75.8428
75.7824
75.8512
75.926
75.9385
76.014
75.873
75.8901
75.8498
75.7195
75.7408
75.6296
75.6383
75.7301
75.8468
75.7351
75.6915
75.6395
75.6458
75.5938
75.6266
75.8565
75.9001
75.6996
75.8391
75.9826
75.9649
75.8666
75.9071
75.6874
75.733
75.5058
75.6132
75.6301
75.5846
75.6092
75.5681
75.6209
75.5917
75.5199
75.4479
75.4359
75.4957
75.5282
75.4862
75.6706
75.6475
75.6303
75.6539
75.9628
75.8821
75.6962
75.7831
75.9457
75.9758
75.7438
75.7329
75.8843
76.0316
75.7492
75.6782
75.7418
75.8148
75.7176
75.6766
75.599
75.6243
75.5311
75.5602
75.4415
75.4855
75.5667
75.6031
75.5672
75.5717
75.728
75.7064
75.6187
75.5403
75.508
75.5376
75.3963
75.3969
75.4161
75.3237
75.5309
75.5846
75.514
75.4735
75.5008
75.4896
75.617
75.6683
75.6244
75.6442
75.8779
76.0324
76.1436
76.3631
76.1353
76.2846
76.2652
76.1734
76.1349
76.1981
76.1354
76.1813
76.2226
76.2429
76.2531
76.2797
76.1982
76.2092
76.0989
76.0886
76.1621
76.1808
76.4053
76.467
76.1939
76.1313
76.4774
76.4395
76.1137
76.1948
75.8421
75.8511
75.6569
75.7375
75.9811
76.0298
76.1394
76.169
75.9427
75.8381
76.021
76.043
75.7905
75.7863
76.0619
76.1484
76.0718
76.0005
76.0125
75.9893
76.1679
76.0845
76.0589
75.9739
76.2126
76.1764
76.2329
76.4694
75.8773
75.9625
75.7375
75.7349
75.6299
75.5509
75.0541
75.0562
75.0051
74.8888
74.3215
74.1382
73.381
73.5882
72.8594
72.9553
72.3846
72.7116
72.5834
72.5388
72.2916
72.3365
72.1003
72.4213
72.1813
72.1502
71.9123
71.9742
71.8972
71.9174
71.9863
71.9734
71.8036
71.8391
71.8963
71.9641
71.7104
71.7747
71.3887
71.3719
70.9631
71.0775
70.9305
70.9563
71.6167
71.5749
72.2296
72.3048
73.5826
73.5698
75.2885
75.2139
75.5645
75.7189
76.224
76.6004
76.9882
77.0671
76.9119
76.7763
76.7468
76.7261
76.3589
76.3373
76.3552
76.3691
76.2555
76.2249
76.0904
76.1234
76.2239
76.1808
76.1598
76.1002
76.1368
76.0973
75.6599
75.7151
75.2061
75.415
75.4534
75.4473
74.9942
75.0295
75.2339
75.0299
75.1375
74.9991
74.2405
74.6183
72.9972
73.1614
72.1621
72.1683
71.5882
71.4824
70.9623
71.1263
71.0786
71.0813
71.1489
71.2246
71.1198
71.1659
71.0148
70.9662
70.6978
70.7181
70.626
70.6227
70.526
70.583
70.281
70.4486
70.2953
70.3106
70.1397
70.1413
70.3882
70.4795
70.6537
70.7502
71.5662
71.5759
72.298
72.4991
73.6105
73.8429
75.0501
75.0272
76.3409
76.4481
77.099
77.1769
76.9523
77.1668
77.2807
77.3237
76.8218
76.9802
76.7639
76.9149
76.8506
76.7512
76.7327
76.6004
76.3144
76.2591
76.1975
76.5156
76.3219
76.2924
76.3833
76.3061
76.2867
76.3033
76.475
76.343
76.5233
76.4739
76.0645
76.3215
75.2693
75.0116
73.9405
73.9449
72.8357
72.8502
72.296
72.6205
71.4058
71.3414
70.8291
70.7993
70.2866
70.2895
69.8705
69.8284
69.5261
69.5874
69.6221
69.6734
69.4917
69.4157
69.0923
69.0445
69.1055
69.2038
68.9167
68.9482
68.9544
68.9418
68.7938
68.7884
68.7266
68.8668
69.832
69.9244
71.0118
70.9857
72.2336
72.2674
74.5642
74.3847
74.9989
75.0175
74.8534
75.0169
75.4247
75.3915
75.2941
75.2613
75.1058
75.1762
75.2041
75.2188
75.5715
75.4716
75.2952
75.2496
75.1993
75.1981
75.1862
75.4308
75.1407
75.1496
75.0943
75.1092
74.912
75.1922
74.514
74.5875
74.0857
74.4252
73.7477
73.7664
72.1945
72.2314
71.5893
71.2898
70.5987
70.8952
69.742
69.4993
68.932
68.9859
68.9361
68.7788
68.4661
68.5922
68.5035
68.6179
68.463
68.5165
68.4484
68.2781
68.2041
68.2005
68.1665
68.2113
68.0683
68.0075
68.0649
67.986
67.817
67.8401
67.8766
67.668
68.8576
68.8135
70.0336
70.1414
71.2666
71.5037
72.6972
72.6542
73.1649
73.1613
72.8664
72.955
72.9829
73.0367
72.9962
73.0454
72.7725
72.8628
72.8118
72.8649
73.2793
73.4114
73.2716
73.3263
73.6005
73.6544
73.8505
73.9445
73.8046
73.9628
73.8685
73.8602
73.8962
73.9058
73.8226
74.0421
74.0028
74.1105
74.5795
74.5647
74.4858
74.4494
73.6198
73.7226
72.8643
73.2958
71.6023
71.5848
70.9049
70.9851
70.0178
70.0213
69.3623
69.4041
68.7633
68.903
68.6447
68.7061
68.3792
68.4386
68.8289
68.9648
68.4068
68.3427
68.3742
68.3559
68.5702
68.5337
68.4944
68.4248
68.4031
68.4147
68.3104
68.2972
68.2167
68.3215
68.0288
67.9577
68.1391
68.1142
67.7456
67.5947
67.2793
67.2671
67.6244
67.4213
69.8494
70.0363
70.4968
70.5317
70.808
70.8476
71.5662
71.7195
71.5977
71.546
71.3895
71.5002
71.4882
71.5461
71.3615
71.4598
71.158
71.2259
70.8395
70.929
70.6969
70.8188
70.8032
70.8776
70.957
71.0131
71.5141
